0.07452 0.01041 0.08221 0.07513 0.01766 0.19399 0.03236 0.01241 0.04632 0.02307 0.04469 0.05551 0.02055 0.03721 0.04402 0.11210 0.05981 0.01848 0.01237 0.02270 0.00445
0.01384 0.00382 0.01024 0.00907 0.00443 0.87576 0.00551 0.00383 0.00535 0.00513 0.00398 0.00700 0.00315 0.00602 0.00647 0.01312 0.00546 0.00446 0.00404 0.00562 0.00370
0.07412 0.00428 0.09151 0.28351 0.02172 0.01782 0.01707 0.03036 0.04205 0.07225 0.01707 0.03296 0.01413 0.05590 0.04690 0.05228 0.04304 0.03536 0.01390 0.02975 0.00402
0.15475 0.00418 0.07380 0.18556 0.00970 0.02458 0.01978 0.01730 0.07399 0.03074 0.01067 0.02872 0.00680 0.07318 0.10805 0.06492 0.06121 0.02291 0.01040 0.01500 0.00378
0.13835 0.00681 0.03625 0.08649 0.10700 0.02014 0.07530 0.00449 0.00957 0.04471 0.01537 0.02738 0.00383 0.04894 0.02985 0.06525 0.03231 0.00639 0.04138 0.19607 0.00414
0.10875 0.02576 0.02081 0.14070 0.02246 0.02251 0.02670 0.00813 0.03949 0.02238 0.06024 0.06525 0.00349 0.13348 0.16618 0.05038 0.01264 0.00700 0.02395 0.03565 0.00406
0.04790 0.00759 0.01503 0.07187 0.00637 0.01791 0.02170 0.01408 0.16354 0.03940 0.01901 0.02669 0.00404 0.16483 0.26469 0.02735 0.03709 0.03013 0.00734 0.00963 0.00381
0.02265 0.00740 0.01616 0.06953 0.05717 0.00850 0.04195 0.09306 0.12336 0.10118 0.01827 0.01863 0.00330 0.07475 0.10889 0.02518 0.03242 0.06326 0.01718 0.09310 0.00407
0.13796 0.01372 0.00860 0.07375 0.03223 0.00951 0.05265 0.01564 0.06850 0.03196 0.02404 0.02075 0.00299 0.10437 0.17848 0.07018 0.02035 0.02568 0.01982 0.08469 0.00413
0.00887 0.00829 0.00650 0.02562 0.01060 0.00373 0.01393 0.23332 0.06592 0.04329 0.01370 0.01062 0.00360 0.04397 0.09996 0.01187 0.06698 0.30342 0.00804 0.01369 0.00408
0.03270 0.00393 0.06844 0.06357 0.00416 0.01063 0.00479 0.00473 0.01059 0.01597 0.00645 0.01118 0.69046 0.00976 0.01377 0.01874 0.01117 0.00706 0.00380 0.00443 0.00364
0.11327 0.00473 0.10045 0.20930 0.00715 0.01785 0.01285 0.01075 0.10100 0.03266 0.00689 0.02608 0.11053 0.04444 0.06260 0.05139 0.04643 0.02325 0.00534 0.00925 0.00381
